{
  "advancedEditorSelectedIdentifier" : "ProjectBrowser",
  "openSceneRelativePaths" : [
    "Scene.usda",
    "globe.usda",
    "YawPitchRoll.usda"
  ],
  "recentIdentifiers" : {
    "4D79A6BE-1907-488C-AA0F-04CEB8D2157E" : [

    ],
    "7AE4F243-F936-4614-B941-5EECC72DB0A0" : [

    ]
  },
  "sceneCameraHistory" : {
    "4D79A6BE-1907-488C-AA0F-04CEB8D2157E" : [
      {
        "date" : 759064977.006063,
        "title" : "Untitled",
        "transform" : [
          0.9143161,
          -1.0545844e-08,
          -0.4050011,
          0,
          -0.20810227,
          0.85789126,
          -0.46980432,
          0,
          0.347447,
          0.5138313,
          0.7843839,
          0,
          0.06821075,
          0.0931332,
          0.12936409,
          1
        ]
      },
      {
        "date" : 759064468.313884,
        "title" : "Untitled",
        "transform" : [
          0.79568565,
          -4.282846e-09,
          0.60570973,
          0,
          0.42835897,
          0.70701176,
          -0.56271034,
          0,
          -0.4282439,
          0.7072018,
          0.56255925,
          0,
          -0.08751461,
          0.13083223,
          0.12444491,
          1
        ]
      },
      {
        "date" : 759064462.986814,
        "title" : "Untitled",
        "transform" : [
          0.8808968,
          -1.2751299e-08,
          0.47330844,
          0,
          0.2707509,
          0.8202264,
          -0.5039074,
          0,
          -0.38822007,
          0.5720391,
          0.7225348,
          0,
          -0.075898826,
          0.10443787,
          0.14978023,
          1
        ]
      },
      {
        "date" : 759064456.31045,
        "title" : "Untitled",
        "transform" : [
          0.70372707,
          -1.02004805e-08,
          0.7104704,
          0,
          0.60921174,
          0.51452297,
          -0.6034295,
          0,
          -0.36555335,
          0.85747665,
          0.3620838,
          0,
          -0.07992977,
          0.16055031,
          0.09028198,
          1
        ]
      },
      {
        "date" : 759064356.190804,
        "title" : "Untitled",
        "transform" : [
          0.96503526,
          -4.7851936e-09,
          0.26212025,
          0,
          0.19885752,
          0.6514984,
          -0.732124,
          0,
          -0.1707709,
          0.75865006,
          0.6287189,
          0,
          -0.030985698,
          0.14094843,
          0.12547876,
          1
        ]
      },
      {
        "date" : 759064243.659016,
        "title" : "Untitled",
        "transform" : [
          0.9650352,
          1.5476569e-09,
          0.26212022,
          0,
          0.19885752,
          0.6514984,
          -0.732124,
          0,
          -0.1707709,
          0.75865,
          0.62871885,
          0,
          -0.08416781,
          0.26424414,
          0.2461753,
          1
        ]
      },
      {
        "date" : 759064225.445703,
        "title" : "Untitled",
        "transform" : [
          0.91308373,
          -2.146896e-10,
          0.40777218,
          0,
          0.2755816,
          0.7370645,
          -0.6170824,
          0,
          -0.3005544,
          0.67582244,
          0.6730015,
          0,
          -0.0672784,
          0.11695477,
          0.1299634,
          1
        ]
      },
      {
        "date" : 759064212.358106,
        "title" : "Untitled",
        "transform" : [
          0.9130837,
          -1.1905681e-09,
          0.40777218,
          0,
          0.27558157,
          0.73706454,
          -0.6170825,
          0,
          -0.30055442,
          0.67582244,
          0.6730017,
          0,
          -0.11512801,
          0.58298266,
          -0.41428137,
          1
        ]
      },
      {
        "date" : 759064205.643598,
        "title" : "Untitled",
        "transform" : [
          1,
          0,
          0,
          0,
          0,
          0.7071069,
          -0.70710677,
          0,
          0,
          0.70710677,
          0.7071069,
          0,
          -0.04570666,
          0.57594275,
          -0.33571666,
          1
        ]
      },
      {
        "date" : 759064200.768112,
        "title" : "Untitled",
        "transform" : [
          1,
          0,
          0,
          0,
          0,
          0.7071069,
          -0.70710677,
          0,
          0,
          0.70710677,
          0.7071069,
          0,
          -0.0029638521,
          1.7475493,
          1.6884326,
          1
        ]
      }
    ],
    "7AE4F243-F936-4614-B941-5EECC72DB0A0" : [
      {
        "date" : 759064091.365397,
        "title" : "Untitled",
        "transform" : [
          -0.99756277,
          4.850648e-09,
          -0.06977438,
          0,
          -0.014250377,
          0.9789219,
          0.20373745,
          0,
          0.068303525,
          0.20423524,
          -0.976536,
          0,
          0.025001291,
          0.42443994,
          -1.7227713,
          1
        ]
      },
      {
        "date" : 759064079.864342,
        "title" : "Untitled",
        "transform" : [
          -0.8652734,
          4.778038e-09,
          -0.5013003,
          0,
          -0.0718702,
          0.98966956,
          0.12405215,
          0,
          0.49612153,
          0.1433676,
          -0.85633475,
          0,
          1.5923722,
          0.8940819,
          -3.3531098,
          1
        ]
      },
      {
        "date" : 758830991.830204,
        "title" : "Untitled",
        "transform" : [
          -0.8652734,
          4.778038e-09,
          -0.5013003,
          0,
          -0.0718702,
          0.98966956,
          0.12405215,
          0,
          0.49612153,
          0.1433676,
          -0.85633475,
          0,
          -0.006120068,
          0.43215498,
          -0.5940201,
          1
        ]
      },
      {
        "date" : 758825159.948236,
        "title" : "Untitled",
        "transform" : [
          -0.8652734,
          4.778038e-09,
          -0.5013003,
          0,
          -0.07187019,
          0.98966944,
          0.12405214,
          0,
          0.49612153,
          0.1433676,
          -0.85633475,
          0,
          0.024231616,
          0.4489906,
          -0.6890354,
          1
        ]
      },
      {
        "date" : 758825158.032386,
        "title" : "Untitled",
        "transform" : [
          -0.6537595,
          3.3926142e-09,
          -0.7567024,
          0,
          -0.16577609,
          0.97570753,
          0.14322367,
          0,
          0.73832023,
          0.21907704,
          -0.6378782,
          0,
          0.06757569,
          0.46166477,
          -0.65584415,
          1
        ]
      },
      {
        "date" : 758825146.304136,
        "title" : "Untitled",
        "transform" : [
          -0.847315,
          -1.917762e-09,
          -0.5310905,
          0,
          -0.032679774,
          0.998105,
          0.052138127,
          0,
          0.5300841,
          0.061533358,
          -0.8457095,
          0,
          0.028810333,
          0.43547145,
          -0.68556815,
          1
        ]
      },
      {
        "date" : 758825128.535008,
        "title" : "Untitled",
        "transform" : [
          -0.14624633,
          -5.683376e-09,
          -0.98924816,
          0,
          -0.4392867,
          0.89599645,
          0.06494231,
          0,
          0.8863629,
          0.4440612,
          -0.13103619,
          0,
          0.10254289,
          0.5003635,
          -0.57301825,
          1
        ]
      },
      {
        "date" : 758824779.317801,
        "title" : "Untitled",
        "transform" : [
          -0.9999081,
          -7.970232e-09,
          0.013554791,
          0,
          0.0024561535,
          0.98344576,
          0.18118583,
          0,
          -0.013330397,
          0.18120247,
          -0.98335546,
          0,
          -0.088069245,
          0.4556753,
          -0.6736841,
          1
        ]
      },
      {
        "date" : 758824686.724543,
        "title" : "Untitled",
        "transform" : [
          -0.9999081,
          -7.970232e-09,
          0.013554791,
          0,
          0.0024561535,
          0.98344576,
          0.18118583,
          0,
          -0.013330397,
          0.18120247,
          -0.98335546,
          0,
          -0.05582039,
          0.4715144,
          -0.67120254,
          1
        ]
      },
      {
        "date" : 758824650.168074,
        "title" : "Untitled",
        "transform" : [
          -0.73066777,
          -7.772344e-09,
          0.6827331,
          0,
          0.0061010765,
          0.99996,
          0.0065294444,
          0,
          -0.6827059,
          0.008936263,
          -0.7306386,
          0,
          -0.15834208,
          0.44437158,
          -0.62405825,
          1
        ]
      }
    ],
    "93E951B9-5023-4C02-8293-897FAFFBE681" : [
      {
        "date" : 759064127.04953,
        "title" : "Untitled",
        "transform" : [
          1,
          0,
          -0,
          0,
          -0,
          0.7071069,
          -0.7071067,
          0,
          0,
          0.7071067,
          0.7071069,
          0,
          0,
          0.097267985,
          0.097267985,
          1
        ]
      }
    ]
  },
  "sceneViewportBackgroundColors" : {

  },
  "selectedSceneRelativePath" : "YawPitchRoll.usda"
}