{
  "advancedEditorSelectedIdentifier" : "ProjectBrowser",
  "openSceneRelativePaths" : [
    "Scene.usda",
    "globe.usda",
    "YawPitchRoll.usda",
    "ProcessionNutationSpin.usda"
  ],
  "recentIdentifiers" : {
    "4D79A6BE-1907-488C-AA0F-04CEB8D2157E" : [

    ],
    "7AE4F243-F936-4614-B941-5EECC72DB0A0" : [

    ],
    "453F3219-C131-41E0-BBD9-9DEB0766C0D7" : [

    ]
  },
  "sceneCameraHistory" : {
    "4D79A6BE-1907-488C-AA0F-04CEB8D2157E" : [
      {
        "date" : 759064977.006063,
        "title" : "Untitled",
        "transform" : [
          0.9143161,
          -1.0545844e-08,
          -0.4050011,
          0,
          -0.20810227,
          0.85789126,
          -0.46980432,
          0,
          0.347447,
          0.5138313,
          0.7843839,
          0,
          0.06821075,
          0.0931332,
          0.12936409,
          1
        ]
      },
      {
        "date" : 759064468.313884,
        "title" : "Untitled",
        "transform" : [
          0.79568565,
          -4.282846e-09,
          0.60570973,
          0,
          0.42835897,
          0.70701176,
          -0.56271034,
          0,
          -0.4282439,
          0.7072018,
          0.56255925,
          0,
          -0.08751461,
          0.13083223,
          0.12444491,
          1
        ]
      },
      {
        "date" : 759064462.986814,
        "title" : "Untitled",
        "transform" : [
          0.8808968,
          -1.2751299e-08,
          0.47330844,
          0,
          0.2707509,
          0.8202264,
          -0.5039074,
          0,
          -0.38822007,
          0.5720391,
          0.7225348,
          0,
          -0.075898826,
          0.10443787,
          0.14978023,
          1
        ]
      },
      {
        "date" : 759064456.31045,
        "title" : "Untitled",
        "transform" : [
          0.70372707,
          -1.02004805e-08,
          0.7104704,
          0,
          0.60921174,
          0.51452297,
          -0.6034295,
          0,
          -0.36555335,
          0.85747665,
          0.3620838,
          0,
          -0.07992977,
          0.16055031,
          0.09028198,
          1
        ]
      },
      {
        "date" : 759064356.190804,
        "title" : "Untitled",
        "transform" : [
          0.96503526,
          -4.7851936e-09,
          0.26212025,
          0,
          0.19885752,
          0.6514984,
          -0.732124,
          0,
          -0.1707709,
          0.75865006,
          0.6287189,
          0,
          -0.030985698,
          0.14094843,
          0.12547876,
          1
        ]
      },
      {
        "date" : 759064243.659016,
        "title" : "Untitled",
        "transform" : [
          0.9650352,
          1.5476569e-09,
          0.26212022,
          0,
          0.19885752,
          0.6514984,
          -0.732124,
          0,
          -0.1707709,
          0.75865,
          0.62871885,
          0,
          -0.08416781,
          0.26424414,
          0.2461753,
          1
        ]
      },
      {
        "date" : 759064225.445703,
        "title" : "Untitled",
        "transform" : [
          0.91308373,
          -2.146896e-10,
          0.40777218,
          0,
          0.2755816,
          0.7370645,
          -0.6170824,
          0,
          -0.3005544,
          0.67582244,
          0.6730015,
          0,
          -0.0672784,
          0.11695477,
          0.1299634,
          1
        ]
      },
      {
        "date" : 759064212.358106,
        "title" : "Untitled",
        "transform" : [
          0.9130837,
          -1.1905681e-09,
          0.40777218,
          0,
          0.27558157,
          0.73706454,
          -0.6170825,
          0,
          -0.30055442,
          0.67582244,
          0.6730017,
          0,
          -0.11512801,
          0.58298266,
          -0.41428137,
          1
        ]
      },
      {
        "date" : 759064205.643598,
        "title" : "Untitled",
        "transform" : [
          1,
          0,
          0,
          0,
          0,
          0.7071069,
          -0.70710677,
          0,
          0,
          0.70710677,
          0.7071069,
          0,
          -0.04570666,
          0.57594275,
          -0.33571666,
          1
        ]
      },
      {
        "date" : 759064200.768112,
        "title" : "Untitled",
        "transform" : [
          1,
          0,
          0,
          0,
          0,
          0.7071069,
          -0.70710677,
          0,
          0,
          0.70710677,
          0.7071069,
          0,
          -0.0029638521,
          1.7475493,
          1.6884326,
          1
        ]
      }
    ],
    "7AE4F243-F936-4614-B941-5EECC72DB0A0" : [
      {
        "date" : 759343894.262241,
        "title" : "Untitled",
        "transform" : [
          0.24365492,
          -4.525577e-08,
          -0.9698619,
          0,
          -0.26010823,
          0.9633658,
          -0.065346025,
          0,
          0.93433195,
          0.26819074,
          0.23472892,
          0,
          1.364249,
          0.7297367,
          0.45136392,
          1
        ]
      },
      {
        "date" : 759343889.786486,
        "title" : "Untitled",
        "transform" : [
          0.36118403,
          -4.544689e-08,
          -0.9324945,
          0,
          -0.29494312,
          0.9486611,
          -0.114240594,
          0,
          0.8846213,
          0.3162945,
          0.34264132,
          0,
          1.2439245,
          0.8729609,
          0.5798436,
          1
        ]
      },
      {
        "date" : 759343882.226322,
        "title" : "Untitled",
        "transform" : [
          -0.30568677,
          -4.544492e-08,
          -0.9521321,
          0,
          -0.30188254,
          0.94840556,
          0.09692089,
          0,
          0.9030076,
          0.3170593,
          -0.28991506,
          0,
          1.4696267,
          0.8735989,
          0.05842648,
          1
        ]
      },
      {
        "date" : 759343867.007392,
        "title" : "Untitled",
        "transform" : [
          0.643956,
          -4.8156192e-08,
          -0.7650625,
          0,
          -0.5020019,
          0.7546235,
          -0.42253688,
          0,
          0.5773343,
          0.6561579,
          0.4859445,
          0,
          0.9251324,
          1.1633829,
          0.66901875,
          1
        ]
      },
      {
        "date" : 759343808.819361,
        "title" : "Untitled",
        "transform" : [
          -0.4769601,
          -4.5183594e-08,
          -0.87892497,
          0,
          -0.20988171,
          0.97107035,
          0.11389501,
          0,
          0.853498,
          0.23879352,
          -0.46316183,
          0,
          4.192334,
          1.2729352,
          -0.14428201,
          1
        ]
      },
      {
        "date" : 759343799.544343,
        "title" : "Untitled",
        "transform" : [
          0.166216,
          -4.7431804e-08,
          -0.9860894,
          0,
          -0.54571694,
          0.8329054,
          -0.09198649,
          0,
          0.8213193,
          0.5534152,
          0.13844219,
          0,
          3.1649215,
          2.30147,
          1.976089,
          1
        ]
      },
      {
        "date" : 759343782.840029,
        "title" : "Untitled",
        "transform" : [
          -0.4425687,
          -4.722412e-08,
          -0.8967346,
          0,
          -0.5127552,
          0.82039124,
          0.25306192,
          0,
          0.73567325,
          0.5718025,
          -0.36307952,
          0,
          3.8226855,
          2.3624375,
          0.17495494,
          1
        ]
      },
      {
        "date" : 759343776.023454,
        "title" : "Untitled",
        "transform" : [
          -0.46354842,
          -6.4974174e-08,
          -0.88607156,
          0,
          -0.13169397,
          0.9888933,
          0.068895675,
          0,
          0.87623036,
          0.14862663,
          -0.45839998,
          0,
          4.2289886,
          0.98237276,
          -0.109433815,
          1
        ]
      },
      {
        "date" : 759343755.576391,
        "title" : "Untitled",
        "transform" : [
          0.94985366,
          -6.4174e-08,
          -0.3126948,
          0,
          -0.07869613,
          0.9678129,
          -0.23905054,
          0,
          0.30263004,
          0.25167078,
          0.91928065,
          0,
          0.5665775,
          1.28665,
          3.160074,
          1
        ]
      },
      {
        "date" : 759343718.015309,
        "title" : "Untitled",
        "transform" : [
          0.2644098,
          -6.317841e-08,
          -0.9644104,
          0,
          -0.3957092,
          0.9119453,
          -0.108490564,
          0,
          0.8794894,
          0.41031185,
          0.24112722,
          0,
          3.2600327,
          1.7586935,
          2.0711114,
          1
        ]
      }
    ],
    "93E951B9-5023-4C02-8293-897FAFFBE681" : [
      {
        "date" : 759064127.04953,
        "title" : "Untitled",
        "transform" : [
          1,
          0,
          -0,
          0,
          -0,
          0.7071069,
          -0.7071067,
          0,
          0,
          0.7071067,
          0.7071069,
          0,
          0,
          0.097267985,
          0.097267985,
          1
        ]
      }
    ],
    "453F3219-C131-41E0-BBD9-9DEB0766C0D7" : [
      {
        "date" : 759169546.544588,
        "title" : "Untitled",
        "transform" : [
          -0.97521776,
          1.4425474e-07,
          0.22124675,
          0,
          0.11934513,
          0.8420368,
          0.5260521,
          0,
          -0.1862979,
          0.53942,
          -0.8211693,
          0,
          -0.09163093,
          1.634858,
          -1.5740681,
          1
        ]
      },
      {
        "date" : 759169426.222976,
        "title" : "Untitled",
        "transform" : [
          -0.9998654,
          1.45449e-07,
          -0.016406987,
          0,
          -0.012523752,
          0.64600974,
          0.7632264,
          0,
          0.010599118,
          0.763329,
          -0.64592284,
          0,
          0.2753574,
          2.020169,
          -1.0009708,
          1
        ]
      },
      {
        "date" : 759169388.474067,
        "title" : "Untitled",
        "transform" : [
          -0.98122185,
          1.45356e-07,
          0.19288266,
          0,
          0.14262757,
          0.6732097,
          0.725566,
          0,
          -0.12985045,
          0.7394515,
          -0.6605681,
          0,
          0.04614677,
          1.9824646,
          -1.1074983,
          1
        ]
      },
      {
        "date" : 759169360.101111,
        "title" : "Untitled",
        "transform" : [
          -0.9828411,
          1.4379732e-07,
          -0.18445449,
          0,
          -0.11288487,
          0.7908623,
          0.601493,
          0,
          0.14587812,
          0.6119941,
          -0.777292,
          0,
          0.5134594,
          1.7663925,
          -1.3323156,
          1
        ]
      },
      {
        "date" : 759169354.666157,
        "title" : "Untitled",
        "transform" : [
          -0.9721146,
          1.405272e-07,
          -0.23450615,
          0,
          -0.1901843,
          0.5850463,
          0.7883849,
          0,
          0.13719699,
          0.81099993,
          -0.5687321,
          0,
          0.45009872,
          2.0918646,
          -0.7618144,
          1
        ]
      },
      {
        "date" : 759169350.039338,
        "title" : "Untitled",
        "transform" : [
          -0.95529,
          1.3867242e-07,
          -0.2956699,
          0,
          -0.16557512,
          0.82849234,
          0.53496295,
          0,
          0.24496031,
          0.5600004,
          -0.7914506,
          0,
          0.6951393,
          1.6726782,
          -1.37032,
          1
        ]
      },
      {
        "date" : 759169331.401498,
        "title" : "Untitled",
        "transform" : [
          -0.9613597,
          1.4184103e-07,
          -0.2752952,
          0,
          -0.12261353,
          0.89533675,
          0.42817992,
          0,
          0.24648196,
          0.44538987,
          -0.86074066,
          0,
          0.723143,
          1.4574443,
          -1.5848558,
          1
        ]
      },
      {
        "date" : 759169322.828856,
        "title" : "Untitled",
        "transform" : [
          -0.9844094,
          1.4215962e-07,
          0.17589237,
          0,
          0.1112838,
          0.774413,
          0.62281644,
          0,
          -0.13621327,
          0.63268036,
          -0.76233953,
          0,
          0.016176134,
          1.802883,
          -1.3813756,
          1
        ]
      },
      {
        "date" : 759169320.857389,
        "title" : "Untitled",
        "transform" : [
          -0.9998949,
          1.4029006e-07,
          0.014496088,
          0,
          0.0053600715,
          0.92913264,
          0.36970767,
          0,
          -0.01346876,
          0.36974657,
          -0.92903507,
          0,
          0.23223458,
          1.3098401,
          -1.8409872,
          1
        ]
      },
      {
        "date" : 759169293.163934,
        "title" : "Untitled",
        "transform" : [
          -0.92037576,
          1.405182e-07,
          -0.39103466,
          0,
          -0.22474904,
          0.81832546,
          0.5289908,
          0,
          0.3199937,
          0.57475513,
          -0.753167,
          0,
          0.8187237,
          1.6995474,
          -1.2649418,
          1
        ]
      }
    ]
  },
  "sceneViewportBackgroundColors" : {

  },
  "selectedSceneRelativePath" : "globe.usda"
}