{
  "advancedEditorSelectedIdentifier" : "ProjectBrowser",
  "openSceneRelativePaths" : [
    "Scene.usda",
    "globe.usda",
    "YawPitchRoll.usda",
    "ProcessionNutationSpin.usda"
  ],
  "recentIdentifiers" : {
    "4D79A6BE-1907-488C-AA0F-04CEB8D2157E" : [

    ],
    "7AE4F243-F936-4614-B941-5EECC72DB0A0" : [

    ],
    "453F3219-C131-41E0-BBD9-9DEB0766C0D7" : [

    ]
  },
  "sceneCameraHistory" : {
    "4D79A6BE-1907-488C-AA0F-04CEB8D2157E" : [
      {
        "date" : 759064977.006063,
        "title" : "Untitled",
        "transform" : [
          0.9143161,
          -1.0545844e-08,
          -0.4050011,
          0,
          -0.20810227,
          0.85789126,
          -0.46980432,
          0,
          0.347447,
          0.5138313,
          0.7843839,
          0,
          0.06821075,
          0.0931332,
          0.12936409,
          1
        ]
      },
      {
        "date" : 759064468.313884,
        "title" : "Untitled",
        "transform" : [
          0.79568565,
          -4.282846e-09,
          0.60570973,
          0,
          0.42835897,
          0.70701176,
          -0.56271034,
          0,
          -0.4282439,
          0.7072018,
          0.56255925,
          0,
          -0.08751461,
          0.13083223,
          0.12444491,
          1
        ]
      },
      {
        "date" : 759064462.986814,
        "title" : "Untitled",
        "transform" : [
          0.8808968,
          -1.2751299e-08,
          0.47330844,
          0,
          0.2707509,
          0.8202264,
          -0.5039074,
          0,
          -0.38822007,
          0.5720391,
          0.7225348,
          0,
          -0.075898826,
          0.10443787,
          0.14978023,
          1
        ]
      },
      {
        "date" : 759064456.31045,
        "title" : "Untitled",
        "transform" : [
          0.70372707,
          -1.02004805e-08,
          0.7104704,
          0,
          0.60921174,
          0.51452297,
          -0.6034295,
          0,
          -0.36555335,
          0.85747665,
          0.3620838,
          0,
          -0.07992977,
          0.16055031,
          0.09028198,
          1
        ]
      },
      {
        "date" : 759064356.190804,
        "title" : "Untitled",
        "transform" : [
          0.96503526,
          -4.7851936e-09,
          0.26212025,
          0,
          0.19885752,
          0.6514984,
          -0.732124,
          0,
          -0.1707709,
          0.75865006,
          0.6287189,
          0,
          -0.030985698,
          0.14094843,
          0.12547876,
          1
        ]
      },
      {
        "date" : 759064243.659016,
        "title" : "Untitled",
        "transform" : [
          0.9650352,
          1.5476569e-09,
          0.26212022,
          0,
          0.19885752,
          0.6514984,
          -0.732124,
          0,
          -0.1707709,
          0.75865,
          0.62871885,
          0,
          -0.08416781,
          0.26424414,
          0.2461753,
          1
        ]
      },
      {
        "date" : 759064225.445703,
        "title" : "Untitled",
        "transform" : [
          0.91308373,
          -2.146896e-10,
          0.40777218,
          0,
          0.2755816,
          0.7370645,
          -0.6170824,
          0,
          -0.3005544,
          0.67582244,
          0.6730015,
          0,
          -0.0672784,
          0.11695477,
          0.1299634,
          1
        ]
      },
      {
        "date" : 759064212.358106,
        "title" : "Untitled",
        "transform" : [
          0.9130837,
          -1.1905681e-09,
          0.40777218,
          0,
          0.27558157,
          0.73706454,
          -0.6170825,
          0,
          -0.30055442,
          0.67582244,
          0.6730017,
          0,
          -0.11512801,
          0.58298266,
          -0.41428137,
          1
        ]
      },
      {
        "date" : 759064205.643598,
        "title" : "Untitled",
        "transform" : [
          1,
          0,
          0,
          0,
          0,
          0.7071069,
          -0.70710677,
          0,
          0,
          0.70710677,
          0.7071069,
          0,
          -0.04570666,
          0.57594275,
          -0.33571666,
          1
        ]
      },
      {
        "date" : 759064200.768112,
        "title" : "Untitled",
        "transform" : [
          1,
          0,
          0,
          0,
          0,
          0.7071069,
          -0.70710677,
          0,
          0,
          0.70710677,
          0.7071069,
          0,
          -0.0029638521,
          1.7475493,
          1.6884326,
          1
        ]
      }
    ],
    "7AE4F243-F936-4614-B941-5EECC72DB0A0" : [
      {
        "date" : 759423323.136151,
        "title" : "Untitled",
        "transform" : [
          0.86232305,
          -5.013119e-08,
          0.5063584,
          0,
          0.11402992,
          0.9743134,
          -0.19419186,
          0,
          -0.49335188,
          0.22519584,
          0.84017295,
          0,
          -1.1334586,
          0.92022365,
          1.5213752,
          1
        ]
      },
      {
        "date" : 759423316.490289,
        "title" : "Untitled",
        "transform" : [
          0.8201911,
          -4.4560643e-08,
          0.5720895,
          0,
          0.2650981,
          0.8861567,
          -0.38006493,
          0,
          -0.50696105,
          0.46338546,
          0.7268179,
          0,
          -1.0812722,
          1.3656352,
          1.1882817,
          1
        ]
      },
      {
        "date" : 759422902.12553,
        "title" : "Untitled",
        "transform" : [
          -0.6278015,
          -4.848661e-08,
          0.77837354,
          0,
          0.39680356,
          0.8603015,
          0.320044,
          0,
          -0.669636,
          0.50978523,
          -0.5400988,
          0,
          -1.0519313,
          1.4483052,
          -1.1144397,
          1
        ]
      },
      {
        "date" : 759345401.472311,
        "title" : "Untitled",
        "transform" : [
          -0.9807978,
          -4.781012e-08,
          0.1950273,
          0,
          0.10166051,
          0.8533964,
          0.511253,
          0,
          -0.16643558,
          0.52126217,
          -0.8370096,
          0,
          -0.08925746,
          1.468513,
          -1.5105053,
          1
        ]
      },
      {
        "date" : 759344684.684556,
        "title" : "Untitled",
        "transform" : [
          0.8017617,
          -4.9615497e-08,
          0.59764403,
          0,
          0.2081301,
          0.9374013,
          -0.27921447,
          0,
          -0.56023234,
          0.34825096,
          0.75157243,
          0,
          -0.92979014,
          1.4451232,
          1.1966532,
          1
        ]
      },
      {
        "date" : 759344677.129653,
        "title" : "Untitled",
        "transform" : [
          0.89455914,
          -5.3833457e-08,
          0.44694978,
          0,
          0.19890302,
          0.8955189,
          -0.3980998,
          0,
          -0.40025207,
          0.4450233,
          0.80109465,
          0,
          -0.65481955,
          1.6395402,
          1.3715453,
          1
        ]
      },
      {
        "date" : 759344674.585711,
        "title" : "Untitled",
        "transform" : [
          0.89455914,
          -5.3833457e-08,
          0.44694978,
          0,
          0.19890302,
          0.8955189,
          -0.3980998,
          0,
          -0.400252,
          0.44502324,
          0.80109453,
          0,
          -0.34345818,
          1.2933486,
          0.74836224,
          1
        ]
      },
      {
        "date" : 759344323.260596,
        "title" : "Untitled",
        "transform" : [
          0.9033786,
          -5.3053817e-08,
          -0.42884406,
          0,
          -0.23088811,
          0.84269184,
          -0.48637554,
          0,
          0.36138338,
          0.538396,
          0.7612698,
          0,
          0.585353,
          1.4077806,
          1.1568087,
          1
        ]
      },
      {
        "date" : 759344313.141711,
        "title" : "Untitled",
        "transform" : [
          0.8138286,
          -5.1585268e-08,
          -0.58110505,
          0,
          -0.35821855,
          0.7873991,
          -0.5016793,
          0,
          0.45756164,
          0.6164434,
          0.640808,
          0,
          1.0525479,
          1.3169581,
          1.0470406,
          1
        ]
      },
      {
        "date" : 759344305.991808,
        "title" : "Untitled",
        "transform" : [
          0.59395736,
          -5.0891515e-08,
          -0.80449647,
          0,
          -0.41570672,
          0.856149,
          -0.306915,
          0,
          0.688769,
          0.5167289,
          0.5085162,
          0,
          1.1059438,
          0.9517247,
          0.6775054,
          1
        ]
      }
    ],
    "93E951B9-5023-4C02-8293-897FAFFBE681" : [
      {
        "date" : 759064127.04953,
        "title" : "Untitled",
        "transform" : [
          1,
          0,
          -0,
          0,
          -0,
          0.7071069,
          -0.7071067,
          0,
          0,
          0.7071067,
          0.7071069,
          0,
          0,
          0.097267985,
          0.097267985,
          1
        ]
      }
    ],
    "453F3219-C131-41E0-BBD9-9DEB0766C0D7" : [
      {
        "date" : 759169546.544588,
        "title" : "Untitled",
        "transform" : [
          -0.97521776,
          1.4425474e-07,
          0.22124675,
          0,
          0.11934513,
          0.8420368,
          0.5260521,
          0,
          -0.1862979,
          0.53942,
          -0.8211693,
          0,
          -0.09163093,
          1.634858,
          -1.5740681,
          1
        ]
      },
      {
        "date" : 759169426.222976,
        "title" : "Untitled",
        "transform" : [
          -0.9998654,
          1.45449e-07,
          -0.016406987,
          0,
          -0.012523752,
          0.64600974,
          0.7632264,
          0,
          0.010599118,
          0.763329,
          -0.64592284,
          0,
          0.2753574,
          2.020169,
          -1.0009708,
          1
        ]
      },
      {
        "date" : 759169388.474067,
        "title" : "Untitled",
        "transform" : [
          -0.98122185,
          1.45356e-07,
          0.19288266,
          0,
          0.14262757,
          0.6732097,
          0.725566,
          0,
          -0.12985045,
          0.7394515,
          -0.6605681,
          0,
          0.04614677,
          1.9824646,
          -1.1074983,
          1
        ]
      },
      {
        "date" : 759169360.101111,
        "title" : "Untitled",
        "transform" : [
          -0.9828411,
          1.4379732e-07,
          -0.18445449,
          0,
          -0.11288487,
          0.7908623,
          0.601493,
          0,
          0.14587812,
          0.6119941,
          -0.777292,
          0,
          0.5134594,
          1.7663925,
          -1.3323156,
          1
        ]
      },
      {
        "date" : 759169354.666157,
        "title" : "Untitled",
        "transform" : [
          -0.9721146,
          1.405272e-07,
          -0.23450615,
          0,
          -0.1901843,
          0.5850463,
          0.7883849,
          0,
          0.13719699,
          0.81099993,
          -0.5687321,
          0,
          0.45009872,
          2.0918646,
          -0.7618144,
          1
        ]
      },
      {
        "date" : 759169350.039338,
        "title" : "Untitled",
        "transform" : [
          -0.95529,
          1.3867242e-07,
          -0.2956699,
          0,
          -0.16557512,
          0.82849234,
          0.53496295,
          0,
          0.24496031,
          0.5600004,
          -0.7914506,
          0,
          0.6951393,
          1.6726782,
          -1.37032,
          1
        ]
      },
      {
        "date" : 759169331.401498,
        "title" : "Untitled",
        "transform" : [
          -0.9613597,
          1.4184103e-07,
          -0.2752952,
          0,
          -0.12261353,
          0.89533675,
          0.42817992,
          0,
          0.24648196,
          0.44538987,
          -0.86074066,
          0,
          0.723143,
          1.4574443,
          -1.5848558,
          1
        ]
      },
      {
        "date" : 759169322.828856,
        "title" : "Untitled",
        "transform" : [
          -0.9844094,
          1.4215962e-07,
          0.17589237,
          0,
          0.1112838,
          0.774413,
          0.62281644,
          0,
          -0.13621327,
          0.63268036,
          -0.76233953,
          0,
          0.016176134,
          1.802883,
          -1.3813756,
          1
        ]
      },
      {
        "date" : 759169320.857389,
        "title" : "Untitled",
        "transform" : [
          -0.9998949,
          1.4029006e-07,
          0.014496088,
          0,
          0.0053600715,
          0.92913264,
          0.36970767,
          0,
          -0.01346876,
          0.36974657,
          -0.92903507,
          0,
          0.23223458,
          1.3098401,
          -1.8409872,
          1
        ]
      },
      {
        "date" : 759169293.163934,
        "title" : "Untitled",
        "transform" : [
          -0.92037576,
          1.405182e-07,
          -0.39103466,
          0,
          -0.22474904,
          0.81832546,
          0.5289908,
          0,
          0.3199937,
          0.57475513,
          -0.753167,
          0,
          0.8187237,
          1.6995474,
          -1.2649418,
          1
        ]
      }
    ]
  },
  "sceneViewportBackgroundColors" : {

  },
  "selectedSceneRelativePath" : "globe.usda"
}