{
  "advancedEditorSelectedIdentifier" : "ProjectBrowser",
  "openSceneRelativePaths" : [
    "Scene.usda",
    "globe.usda",
    "YawPitchRoll.usda",
    "ProcessionNutationSpin.usda"
  ],
  "recentIdentifiers" : {
    "4D79A6BE-1907-488C-AA0F-04CEB8D2157E" : [

    ],
    "7AE4F243-F936-4614-B941-5EECC72DB0A0" : [

    ],
    "453F3219-C131-41E0-BBD9-9DEB0766C0D7" : [

    ]
  },
  "sceneCameraHistory" : {
    "4D79A6BE-1907-488C-AA0F-04CEB8D2157E" : [
      {
        "date" : 759859525.656847,
        "title" : "Untitled",
        "transform" : [
          0.9969758,
          -9.74512e-09,
          -0.077713005,
          0,
          -0.030692995,
          0.91870123,
          -0.39375895,
          0,
          0.07139509,
          0.39495334,
          0.91592294,
          0,
          0.022145344,
          0.07286393,
          0.15576264,
          1
        ]
      },
      {
        "date" : 759064977.006063,
        "title" : "Untitled",
        "transform" : [
          0.9143161,
          -1.0545844e-08,
          -0.4050011,
          0,
          -0.20810227,
          0.85789126,
          -0.46980432,
          0,
          0.347447,
          0.5138313,
          0.7843839,
          0,
          0.06821075,
          0.0931332,
          0.12936409,
          1
        ]
      },
      {
        "date" : 759064468.313884,
        "title" : "Untitled",
        "transform" : [
          0.79568565,
          -4.282846e-09,
          0.60570973,
          0,
          0.42835897,
          0.70701176,
          -0.56271034,
          0,
          -0.4282439,
          0.7072018,
          0.56255925,
          0,
          -0.08751461,
          0.13083223,
          0.12444491,
          1
        ]
      },
      {
        "date" : 759064462.986814,
        "title" : "Untitled",
        "transform" : [
          0.8808968,
          -1.2751299e-08,
          0.47330844,
          0,
          0.2707509,
          0.8202264,
          -0.5039074,
          0,
          -0.38822007,
          0.5720391,
          0.7225348,
          0,
          -0.075898826,
          0.10443787,
          0.14978023,
          1
        ]
      },
      {
        "date" : 759064456.31045,
        "title" : "Untitled",
        "transform" : [
          0.70372707,
          -1.02004805e-08,
          0.7104704,
          0,
          0.60921174,
          0.51452297,
          -0.6034295,
          0,
          -0.36555335,
          0.85747665,
          0.3620838,
          0,
          -0.07992977,
          0.16055031,
          0.09028198,
          1
        ]
      },
      {
        "date" : 759064356.190804,
        "title" : "Untitled",
        "transform" : [
          0.96503526,
          -4.7851936e-09,
          0.26212025,
          0,
          0.19885752,
          0.6514984,
          -0.732124,
          0,
          -0.1707709,
          0.75865006,
          0.6287189,
          0,
          -0.030985698,
          0.14094843,
          0.12547876,
          1
        ]
      },
      {
        "date" : 759064243.659016,
        "title" : "Untitled",
        "transform" : [
          0.9650352,
          1.5476569e-09,
          0.26212022,
          0,
          0.19885752,
          0.6514984,
          -0.732124,
          0,
          -0.1707709,
          0.75865,
          0.62871885,
          0,
          -0.08416781,
          0.26424414,
          0.2461753,
          1
        ]
      },
      {
        "date" : 759064225.445703,
        "title" : "Untitled",
        "transform" : [
          0.91308373,
          -2.146896e-10,
          0.40777218,
          0,
          0.2755816,
          0.7370645,
          -0.6170824,
          0,
          -0.3005544,
          0.67582244,
          0.6730015,
          0,
          -0.0672784,
          0.11695477,
          0.1299634,
          1
        ]
      },
      {
        "date" : 759064212.358106,
        "title" : "Untitled",
        "transform" : [
          0.9130837,
          -1.1905681e-09,
          0.40777218,
          0,
          0.27558157,
          0.73706454,
          -0.6170825,
          0,
          -0.30055442,
          0.67582244,
          0.6730017,
          0,
          -0.11512801,
          0.58298266,
          -0.41428137,
          1
        ]
      },
      {
        "date" : 759064205.643598,
        "title" : "Untitled",
        "transform" : [
          1,
          0,
          0,
          0,
          0,
          0.7071069,
          -0.70710677,
          0,
          0,
          0.70710677,
          0.7071069,
          0,
          -0.04570666,
          0.57594275,
          -0.33571666,
          1
        ]
      }
    ],
    "7AE4F243-F936-4614-B941-5EECC72DB0A0" : [
      {
        "date" : 759764624.766233,
        "title" : "Untitled",
        "transform" : [
          0.2752162,
          -1.9356683e-08,
          0.96138245,
          0,
          0.5077445,
          0.84915733,
          -0.14535266,
          0,
          -0.81636506,
          0.52813977,
          0.23370172,
          0,
          -1.1586019,
          1.6718397,
          0.4097139,
          1
        ]
      },
      {
        "date" : 759689092.2157,
        "title" : "Untitled",
        "transform" : [
          0.19765711,
          -2.3242784e-08,
          0.9802713,
          0,
          0.2278497,
          0.97261184,
          -0.045942493,
          0,
          -0.95342344,
          0.23243509,
          0.19224352,
          0,
          -1.6442286,
          1.1980245,
          0.4080699,
          1
        ]
      },
      {
        "date" : 759685258.37287,
        "title" : "Untitled",
        "transform" : [
          0.17829566,
          -2.3451161e-08,
          0.983977,
          0,
          0.46247157,
          0.8826652,
          -0.08379938,
          0,
          -0.8685223,
          0.4700021,
          0.15737525,
          0,
          -2.1231012,
          2.0077634,
          0.49447256,
          1
        ]
      },
      {
        "date" : 759685236.694355,
        "title" : "Untitled",
        "transform" : [
          -0.42732355,
          -2.0854932e-08,
          0.9040988,
          0,
          0.08599778,
          0.9954659,
          0.040646974,
          0,
          -0.8999994,
          0.095119566,
          -0.4253861,
          0,
          -2.1961915,
          1.0984985,
          -0.91856605,
          1
        ]
      },
      {
        "date" : 759685222.936646,
        "title" : "Untitled",
        "transform" : [
          0.5866533,
          -1.968207e-08,
          0.8098382,
          0,
          0.2322928,
          0.95797896,
          -0.16827478,
          0,
          -0.77580804,
          0.2868382,
          0.5620015,
          0,
          -1.7498543,
          1.5838466,
          1.1742785,
          1
        ]
      },
      {
        "date" : 759685216.323,
        "title" : "Untitled",
        "transform" : [
          -0.21291888,
          -2.0011534e-08,
          0.97706985,
          0,
          0.25669476,
          0.9648724,
          0.055937823,
          0,
          -0.94274783,
          0.2627186,
          -0.20543955,
          0,
          -1.8218551,
          1.5368878,
          -0.37278494,
          1
        ]
      },
      {
        "date" : 759685213.251283,
        "title" : "Untitled",
        "transform" : [
          -0.6852274,
          -2.020239e-08,
          0.7283292,
          0,
          0.17270772,
          0.9714782,
          0.16248706,
          0,
          -0.707556,
          0.23712832,
          -0.6656835,
          0,
          -1.3996214,
          1.4872116,
          -1.2842935,
          1
        ]
      },
      {
        "date" : 759685211.085413,
        "title" : "Untitled",
        "transform" : [
          -0.5304131,
          -2.020239e-08,
          0.8477393,
          0,
          0.2010233,
          0.9714782,
          0.12577616,
          0,
          -0.82356036,
          0.23712832,
          -0.5152848,
          0,
          -1.6227666,
          1.4872116,
          -0.9874099,
          1
        ]
      },
      {
        "date" : 759685203.684984,
        "title" : "Untitled",
        "transform" : [
          -0.6090511,
          -2.014867e-08,
          0.79313093,
          0,
          0.13948345,
          0.9844144,
          0.10711037,
          0,
          -0.7807695,
          0.17586398,
          -0.5995587,
          0,
          -1.5917724,
          1.365422,
          -1.1924895,
          1
        ]
      },
      {
        "date" : 759685195.021768,
        "title" : "Untitled",
        "transform" : [
          -0.41434363,
          -2.290806e-08,
          0.9101205,
          0,
          0.12123066,
          0.99108875,
          0.055191766,
          0,
          -0.9020104,
          0.13320252,
          -0.41065142,
          0,
          -1.9626687,
          1.3187425,
          -0.6134073,
          1
        ]
      }
    ],
    "93E951B9-5023-4C02-8293-897FAFFBE681" : [
      {
        "date" : 759064127.04953,
        "title" : "Untitled",
        "transform" : [
          1,
          0,
          -0,
          0,
          -0,
          0.7071069,
          -0.7071067,
          0,
          0,
          0.7071067,
          0.7071069,
          0,
          0,
          0.097267985,
          0.097267985,
          1
        ]
      }
    ],
    "453F3219-C131-41E0-BBD9-9DEB0766C0D7" : [
      {
        "date" : 759944328.083035,
        "title" : "Untitled",
        "transform" : [
          0.9666547,
          1.1982166e-07,
          -0.2560835,
          0,
          -0.12809774,
          0.86589944,
          -0.48353785,
          0,
          0.22174253,
          0.5002178,
          0.83702594,
          0,
          -0.05354419,
          1.9186327,
          3.8934116,
          1
        ]
      },
      {
        "date" : 759944317.261524,
        "title" : "Untitled",
        "transform" : [
          0.03846055,
          1.2579918e-07,
          0.99926007,
          0,
          -0.33210465,
          0.9431559,
          0.012782159,
          0,
          -0.94245803,
          -0.3323508,
          0.036274306,
          0,
          -2.6613035,
          -0.11834963,
          1.5918727,
          1
        ]
      },
      {
        "date" : 759943986.96282,
        "title" : "Untitled",
        "transform" : [
          0.98199713,
          1.2473356e-07,
          0.18889627,
          0,
          0.067481875,
          0.93401104,
          -0.35081285,
          0,
          -0.17643125,
          0.357244,
          0.9171961,
          0,
          -0.8960842,
          1.6211704,
          3.9575367,
          1
        ]
      },
      {
        "date" : 759943976.514799,
        "title" : "Untitled",
        "transform" : [
          0.9971704,
          1.245748e-07,
          0.07517547,
          0,
          0.03067879,
          0.9129378,
          -0.40694407,
          0,
          -0.0686306,
          0.4080986,
          0.9103545,
          0,
          -0.6590267,
          1.7338066,
          3.9551747,
          1
        ]
      },
      {
        "date" : 759943967.626681,
        "title" : "Untitled",
        "transform" : [
          0.8039732,
          1.2459259e-07,
          0.59466565,
          0,
          0.26984078,
          0.89111924,
          -0.36481842,
          0,
          -0.529918,
          0.45376903,
          0.7164359,
          0,
          -2.2884045,
          1.4630194,
          1.2918422,
          1
        ]
      },
      {
        "date" : 759943939.591701,
        "title" : "Untitled",
        "transform" : [
          0.9523177,
          1.2700573e-07,
          -0.30510822,
          0,
          -0.16854852,
          0.833565,
          -0.5260806,
          0,
          0.25432748,
          0.5524212,
          0.7938188,
          0,
          -0.90299654,
          1.663823,
          2.7285593,
          1
        ]
      },
      {
        "date" : 759943934.263848,
        "title" : "Untitled",
        "transform" : [
          0.6638742,
          1.2372173e-07,
          0.7478443,
          0,
          0.1813563,
          0.97015005,
          -0.1609934,
          0,
          -0.7255212,
          0.2425054,
          0.6440576,
          0,
          -2.5734782,
          1.0123621,
          0.99293077,
          1
        ]
      },
      {
        "date" : 759943921.297022,
        "title" : "Untitled",
        "transform" : [
          0.99951005,
          1.2277413e-07,
          -0.031302083,
          0,
          -0.009167015,
          0.95615864,
          -0.29270577,
          0,
          0.02992975,
          0.29284906,
          0.9556901,
          0,
          -1.2704391,
          1.1286007,
          2.7367148,
          1
        ]
      },
      {
        "date" : 759943919.534318,
        "title" : "Untitled",
        "transform" : [
          0.8777044,
          1.2279905e-07,
          -0.47920257,
          0,
          -0.1241116,
          0.9658785,
          -0.22732155,
          0,
          0.46285146,
          0.2589955,
          0.8477558,
          0,
          -0.33092257,
          1.0681713,
          3.157182,
          1
        ]
      },
      {
        "date" : 759943916.062155,
        "title" : "Untitled",
        "transform" : [
          0.94623876,
          1.2311081e-07,
          -0.3234691,
          0,
          -0.067960635,
          0.9776802,
          -0.19880342,
          0,
          0.31624934,
          0.21009846,
          0.9251189,
          0,
          -0.6010726,
          0.87207407,
          2.8860831,
          1
        ]
      }
    ]
  },
  "sceneViewportBackgroundColors" : {

  },
  "selectedSceneRelativePath" : "ProcessionNutationSpin.usda"
}